{
 "cells": [
  {
   "cell_type": "code",
   "execution_count": 2,
   "metadata": {
    "collapsed": true
   },
   "outputs": [],
   "source": [
    "import random\n",
    "import numpy as np\n",
    "import matplotlib.pyplot as plt"
   ]
  },
  {
   "cell_type": "code",
   "execution_count": 8,
   "metadata": {
    "collapsed": false
   },
   "outputs": [],
   "source": [
    "class KalmanFilter:\n",
    "    def __init__(self, sigma_x, sigma_q):\n",
    "        sigma_v = 10.0\n",
    "        self.sigma_x = sigma_x\n",
    "        self.P = np.array([[sigma_x*sigma_x, sigma_x*sigma_x, sigma_x*sigma_v, sigma_x*sigma_v], \n",
    "                           [sigma_x*sigma_x, sigma_x*sigma_x, sigma_x*sigma_v, sigma_x*sigma_v],\n",
    "                           [sigma_v*sigma_x, sigma_v*sigma_x, sigma_v*sigma_v, sigma_v*sigma_v],\n",
    "                           [sigma_v*sigma_x, sigma_v*sigma_x, sigma_v*sigma_v, sigma_v*sigma_v]])\n",
    "        \n",
    "        self.R = np.identity(2) * (sigma_x*sigma_x)\n",
    "        self.is_init = False\n",
    "        \n",
    "    def predict(self, dt):\n",
    "        A = np.array([[1.0, 0.0, dt, 0.0],\n",
    "                      [0.0, 1.0, 0.0, dt],\n",
    "                      [0.0, 0.0, 1.0, 0.0],\n",
    "                      [0.0, 0.0, 0.0, 1.0]])\n",
    "        self.x = A.dot(self.x)\n",
    "        A_t = np.transpose(A)\n",
    "        Q = np.array([[pow(dt, 4)/4, 0.0, pow(dt, 3)/2, 0.0],\n",
    "                      [0.0, pow(dt, 4)/4, 0.0, pow(dt, 3)/2],\n",
    "                      [pow(dt, 3)/2, 0.0, pow(dt, 2), 0.0],\n",
    "                      [0.0, pow(dt, 3)/2, 0.0, pow(dt, 2)]]) * self.sigma_x\n",
    "        self.P = A.dot(self.P).dot(A_t) + Q\n",
    "    \n",
    "    def update(self, measurement):\n",
    "        H = np.array([[1.0, 0.0, 0.0, 0.0], [0.0, 1.0, 0.0, 0.0]])\n",
    "        \n",
    "        PHt = self.P.dot(H.T)\n",
    "        #print ('PHt =')\n",
    "        #print (PHt)\n",
    "        S = H.dot(PHt) + self.R\n",
    "        #print ('S = ')\n",
    "        #print (S)\n",
    "        \n",
    "        S_i = np.linalg.inv(S)\n",
    "        #print ('S_i = ')\n",
    "        #print (S_i)\n",
    "        \n",
    "        K = PHt.dot(S_i)\n",
    "        #print ('K = ')\n",
    "        #print (K)\n",
    "        \n",
    "        z = np.matrix(measurement).T\n",
    "        #print ('z = ')\n",
    "        #print (z)\n",
    "        U = z - H.dot(self.x)\n",
    "        #print ('U =')\n",
    "        #print (U)\n",
    "        self.x = self.x + K.dot(z - H.dot(self.x))\n",
    "        I = np.identity(4)\n",
    "        self.P = (I - K.dot(H)).dot(self.P)\n",
    "        \n",
    "    def process(self, measurement, dt):\n",
    "        print ('-'*50)\n",
    "        print ('measurement = ', measurement)\n",
    "        if not self.is_init:\n",
    "            self.x = np.array([[measurement[0]],[measurement[1]], [0.0], [0.0]])\n",
    "            self.is_init = True\n",
    "        else:\n",
    "            print ('x = ')\n",
    "            print (self.x)\n",
    "            self.predict(dt)\n",
    "            print ('x_predicted = ')\n",
    "            print ( self.x)\n",
    "            self.update(measurement)\n",
    "        print ('x_ouput = ')\n",
    "        print (self.x)\n",
    "        print ('P =')\n",
    "        print (self.P)\n",
    "\n",
    "    def state(self):\n",
    "        return self.x\n",
    "\n",
    "    def covar(self):\n",
    "        return self.P"
   ]
  },
  {
   "cell_type": "code",
   "execution_count": 10,
   "metadata": {
    "collapsed": false
   },
   "outputs": [
    {
     "name": "stdout",
     "output_type": "stream",
     "text": [
      "--------------------------------------------------\n",
      "measurement =  [10.51245423322508, -0.26119391558997096]\n",
      "x_ouput = \n",
      "[[ 10.51245423]\n",
      " [ -0.26119392]\n",
      " [  0.        ]\n",
      " [  0.        ]]\n",
      "P =\n",
      "[[   0.25    0.25    5.      5.  ]\n",
      " [   0.25    0.25    5.      5.  ]\n",
      " [   5.      5.    100.    100.  ]\n",
      " [   5.      5.    100.    100.  ]]\n",
      "state = \n",
      "[[ 10.51245423]\n",
      " [ -0.26119392]\n",
      " [  0.        ]\n",
      " [  0.        ]]\n",
      "--------------------------------------------------\n",
      "measurement =  [19.246669788955284, 4.340992514006747]\n",
      "x = \n",
      "[[ 10.51245423]\n",
      " [ -0.26119392]\n",
      " [  0.        ]\n",
      " [  0.        ]]\n",
      "x_predicted = \n",
      "[[ 10.51245423]\n",
      " [ -0.26119392]\n",
      " [  0.        ]\n",
      " [  0.        ]]\n",
      "x_ouput = \n",
      "[[ 17.86177926]\n",
      " [  5.71078807]\n",
      " [  7.72477602]\n",
      " [  4.97008993]]\n",
      "P =\n",
      "[[ 0.16652518  0.08319185  0.20232032  0.03565365]\n",
      " [ 0.08319185  0.16652518  0.03565365  0.20232032]\n",
      " [ 0.20232032  0.03565365  0.34861347  0.01528014]\n",
      " [ 0.03565365  0.20232032  0.01528014  0.34861347]]\n",
      "state = \n",
      "[[ 17.86177926]\n",
      " [  5.71078807]\n",
      " [  7.72477602]\n",
      " [  4.97008993]]\n",
      "--------------------------------------------------\n",
      "measurement =  [31.02825882173313, 7.396182441649497]\n",
      "x = \n",
      "[[ 17.86177926]\n",
      " [  5.71078807]\n",
      " [  7.72477602]\n",
      " [  4.97008993]]\n",
      "x_predicted = \n",
      "[[ 25.58655528]\n",
      " [ 10.68087801]\n",
      " [  7.72477602]\n",
      " [  4.97008993]]\n",
      "x_ouput = \n",
      "[[ 29.8745584 ]\n",
      " [  8.18168182]\n",
      " [ 11.26089278]\n",
      " [  2.68860729]]\n",
      "P =\n",
      "[[ 0.20088473  0.00644029  0.15604019 -0.01062648]\n",
      " [ 0.00644029  0.20088473 -0.01062648  0.15604019]\n",
      " [ 0.15604019 -0.01062648  0.35086702  0.01753369]\n",
      " [-0.01062648  0.15604019  0.01753369  0.35086702]]\n",
      "state = \n",
      "[[ 29.8745584 ]\n",
      " [  8.18168182]\n",
      " [ 11.26089278]\n",
      " [  2.68860729]]\n",
      "--------------------------------------------------\n",
      "measurement =  [40.60404233924435, 12.825127437546314]\n",
      "x = \n",
      "[[ 29.8745584 ]\n",
      " [  8.18168182]\n",
      " [ 11.26089278]\n",
      " [  2.68860729]]\n",
      "x_predicted = \n",
      "[[ 41.13545118]\n",
      " [ 10.87028911]\n",
      " [ 11.26089278]\n",
      " [  2.68860729]]\n",
      "x_ouput = \n",
      "[[ 40.71214922]\n",
      " [ 12.43039781]\n",
      " [ 10.94449119]\n",
      " [  3.88071522]]\n",
      "P =\n",
      "[[  1.99549015e-01   1.10812654e-04   1.52743796e-01   1.05840291e-03]\n",
      " [  1.10812654e-04   1.99549015e-01   1.05840291e-03   1.52743796e-01]\n",
      " [  1.52743796e-01   1.05840291e-03   3.88386258e-01   1.01091047e-02]\n",
      " [  1.05840291e-03   1.52743796e-01   1.01091047e-02   3.88386258e-01]]\n",
      "state = \n",
      "[[ 40.71214922]\n",
      " [ 12.43039781]\n",
      " [ 10.94449119]\n",
      " [  3.88071522]]\n",
      "--------------------------------------------------\n",
      "measurement =  [50.67479524603378, 16.038791014415832]\n",
      "x = \n",
      "[[ 40.71214922]\n",
      " [ 12.43039781]\n",
      " [ 10.94449119]\n",
      " [  3.88071522]]\n",
      "x_predicted = \n",
      "[[ 51.65664041]\n",
      " [ 16.31111303]\n",
      " [ 10.94449119]\n",
      " [  3.88071522]]\n",
      "x_ouput = \n",
      "[[ 50.8678084 ]\n",
      " [ 16.09058711]\n",
      " [ 10.33138343]\n",
      " [  3.70818352]]\n",
      "P =\n",
      "[[ 0.20072155  0.00047928  0.15592124  0.00068457]\n",
      " [ 0.00047928  0.20072155  0.00068457  0.15592124]\n",
      " [ 0.15592124  0.00068457  0.39493976  0.00097777]\n",
      " [ 0.00068457  0.15592124  0.00097777  0.39493976]]\n",
      "state = \n",
      "[[ 50.8678084 ]\n",
      " [ 16.09058711]\n",
      " [ 10.33138343]\n",
      " [  3.70818352]]\n",
      "--------------------------------------------------\n",
      "measurement =  [60.258672673721215, 19.589471013506337]\n",
      "x = \n",
      "[[ 50.8678084 ]\n",
      " [ 16.09058711]\n",
      " [ 10.33138343]\n",
      " [  3.70818352]]\n",
      "x_predicted = \n",
      "[[ 61.19919183]\n",
      " [ 19.79877063]\n",
      " [ 10.33138343]\n",
      " [  3.70818352]]\n",
      "x_ouput = \n",
      "[[ 60.44192018]\n",
      " [ 19.62986622]\n",
      " [  9.7440917 ]\n",
      " [  3.57756124]]\n",
      "P =\n",
      "[[  2.01266964e-01   1.07390594e-04   1.56112838e-01  -1.99762088e-05]\n",
      " [  1.07390594e-04   2.01266964e-01  -1.99762088e-05   1.56112838e-01]\n",
      " [  1.56112838e-01  -1.99762088e-05   3.94841157e-01   3.71586472e-06]\n",
      " [ -1.99762088e-05   1.56112838e-01   3.71586472e-06   3.94841157e-01]]\n",
      "state = \n",
      "[[ 60.44192018]\n",
      " [ 19.62986622]\n",
      " [  9.7440917 ]\n",
      " [  3.57756124]]\n",
      "--------------------------------------------------\n",
      "measurement =  [70.24075809450956, 24.309264988138246]\n",
      "x = \n",
      "[[ 60.44192018]\n",
      " [ 19.62986622]\n",
      " [  9.7440917 ]\n",
      " [  3.57756124]]\n",
      "x_predicted = \n",
      "[[ 70.18601188]\n",
      " [ 23.20742747]\n",
      " [  9.7440917 ]\n",
      " [  3.57756124]]\n",
      "x_ouput = \n",
      "[[ 70.23010515]\n",
      " [ 24.09462198]\n",
      " [  9.7782078 ]\n",
      " [  4.26523724]]\n",
      "P =\n",
      "[[  2.01298719e-01   2.70022732e-06   1.56029943e-01  -1.18186298e-05]\n",
      " [  2.70022732e-06   2.01298719e-01  -1.18186298e-05   1.56029943e-01]\n",
      " [  1.56029943e-01  -1.18186298e-05   3.94949931e-01   5.17289820e-05]\n",
      " [ -1.18186298e-05   1.56029943e-01   5.17289820e-05   3.94949931e-01]]\n",
      "state = \n",
      "[[ 70.23010515]\n",
      " [ 24.09462198]\n",
      " [  9.7782078 ]\n",
      " [  4.26523724]]\n",
      "--------------------------------------------------\n",
      "measurement =  [79.93835816778316, 27.887667755679185]\n",
      "x = \n",
      "[[ 70.23010515]\n",
      " [ 24.09462198]\n",
      " [  9.7782078 ]\n",
      " [  4.26523724]]\n",
      "x_predicted = \n",
      "[[ 80.00831296]\n",
      " [ 28.35985922]\n",
      " [  9.7782078 ]\n",
      " [  4.26523724]]\n",
      "x_ouput = \n",
      "[[ 79.95198378]\n",
      " [ 27.97965456]\n",
      " [  9.73453775]\n",
      " [  3.97051676]]\n",
      "P =\n",
      "[[  2.01297760e-01   1.16857083e-06   1.56038055e-01   4.03088731e-06]\n",
      " [  1.16857083e-06   2.01297760e-01   4.03088731e-06   1.56038055e-01]\n",
      " [  1.56038055e-01   4.03088731e-06   3.95016562e-01   1.39042086e-05]\n",
      " [  4.03088731e-06   1.56038055e-01   1.39042086e-05   3.95016562e-01]]\n",
      "state = \n",
      "[[ 79.95198378]\n",
      " [ 27.97965456]\n",
      " [  9.73453775]\n",
      " [  3.97051676]]\n",
      "--------------------------------------------------\n",
      "measurement =  [90.02650921504964, 32.28694059923119]\n",
      "x = \n",
      "[[ 79.95198378]\n",
      " [ 27.97965456]\n",
      " [  9.73453775]\n",
      " [  3.97051676]]\n",
      "x_predicted = \n",
      "[[ 89.68652153]\n",
      " [ 31.95017131]\n",
      " [  9.73453775]\n",
      " [  3.97051676]]\n",
      "x_ouput = \n",
      "[[ 89.96028198]\n",
      " [ 32.22134031]\n",
      " [  9.946749  ]\n",
      " [  4.18071918]]\n",
      "P =\n",
      "[[  2.01300868e-01   8.77856550e-07   1.56042658e-01   6.80850229e-07]\n",
      " [  8.77856550e-07   2.01300868e-01   6.80850229e-07   1.56042658e-01]\n",
      " [  1.56042658e-01   6.80850229e-07   3.95021795e-01   5.28055562e-07]\n",
      " [  6.80850229e-07   1.56042658e-01   5.28055562e-07   3.95021795e-01]]\n",
      "state = \n",
      "[[ 89.96028198]\n",
      " [ 32.22134031]\n",
      " [  9.946749  ]\n",
      " [  4.18071918]]\n",
      "--------------------------------------------------\n",
      "measurement =  [100.09036687082424, 36.03830556401977]\n",
      "x = \n",
      "[[ 89.96028198]\n",
      " [ 32.22134031]\n",
      " [  9.946749  ]\n",
      " [  4.18071918]]\n",
      "x_predicted = \n",
      "[[ 99.90703097]\n",
      " [ 36.40205949]\n",
      " [  9.946749  ]\n",
      " [  4.18071918]]\n",
      "x_ouput = \n",
      "[[ 100.05465401]\n",
      " [  36.10916267]\n",
      " [  10.06118187]\n",
      " [   3.95367491]]\n",
      "P =\n",
      "[[  2.01301534e-01   1.05016089e-07   1.56042441e-01  -1.01011194e-07]\n",
      " [  1.05016089e-07   2.01301534e-01  -1.01011194e-07   1.56042441e-01]\n",
      " [  1.56042441e-01  -1.01011194e-07   3.95021586e-01   9.71590292e-08]\n",
      " [ -1.01011194e-07   1.56042441e-01   9.71590292e-08   3.95021586e-01]]\n",
      "state = \n",
      "[[ 100.05465401]\n",
      " [  36.10916267]\n",
      " [  10.06118187]\n",
      " [   3.95367491]]\n",
      "--------------------------------------------------\n",
      "measurement =  [110.5183481856537, 40.54140046747085]\n",
      "x = \n",
      "[[ 100.05465401]\n",
      " [  36.10916267]\n",
      " [  10.06118187]\n",
      " [   3.95367491]]\n",
      "x_predicted = \n",
      "[[ 110.11583588]\n",
      " [  40.06283758]\n",
      " [  10.06118187]\n",
      " [   3.95367491]]\n",
      "x_ouput = \n",
      "[[ 110.43994126]\n",
      " [  40.44817935]\n",
      " [  10.31241774]\n",
      " [   4.25237923]]\n",
      "P =\n",
      "[[  2.01301535e-01   5.79531501e-12   1.56042355e-01  -7.68947697e-10]\n",
      " [  5.79531501e-12   2.01301535e-01  -7.68947697e-10   1.56042355e-01]\n",
      " [  1.56042355e-01  -7.68947698e-10   3.95021918e-01   1.02027338e-07]\n",
      " [ -7.68947698e-10   1.56042355e-01   1.02027338e-07   3.95021918e-01]]\n",
      "state = \n",
      "[[ 110.43994126]\n",
      " [  40.44817935]\n",
      " [  10.31241774]\n",
      " [   4.25237923]]\n",
      "--------------------------------------------------\n",
      "measurement =  [119.52016781335755, 43.259761057457254]\n",
      "x = \n",
      "[[ 110.43994126]\n",
      " [  40.44817935]\n",
      " [  10.31241774]\n",
      " [   4.25237923]]\n",
      "x_predicted = \n",
      "[[ 120.752359  ]\n",
      " [  44.70055858]\n",
      " [  10.31241774]\n",
      " [   4.25237923]]\n",
      "x_ouput = \n",
      "[[ 119.76019104]\n",
      " [  43.54041952]\n",
      " [   9.5433215 ]\n",
      " [   3.35307727]]\n",
      "P =\n",
      "[[  2.01301541e-01   3.81325551e-09   1.56042383e-01   7.50585935e-09]\n",
      " [  3.81325551e-09   2.01301541e-01   7.50585935e-09   1.56042383e-01]\n",
      " [  1.56042383e-01   7.50585935e-09   3.95022005e-01   1.47742328e-08]\n",
      " [  7.50585935e-09   1.56042383e-01   1.47742328e-08   3.95022005e-01]]\n",
      "state = \n",
      "[[ 119.76019104]\n",
      " [  43.54041952]\n",
      " [   9.5433215 ]\n",
      " [   3.35307727]]\n",
      "--------------------------------------------------\n",
      "measurement =  [129.85097840323655, 47.596962182770824]\n",
      "x = \n",
      "[[ 119.76019104]\n",
      " [  43.54041952]\n",
      " [   9.5433215 ]\n",
      " [   3.35307727]]\n",
      "x_predicted = \n",
      "[[ 129.30351254]\n",
      " [  46.89349679]\n",
      " [   9.5433215 ]\n",
      " [   3.35307727]]\n",
      "x_ouput = \n",
      "[[ 129.74433544]\n",
      " [  47.45993148]\n",
      " [   9.88503302]\n",
      " [   3.79215895]]\n",
      "P =\n",
      "[[  2.01301547e-01   1.27490948e-09   1.56042387e-01   2.54885805e-10]\n",
      " [  1.27490948e-09   2.01301547e-01   2.54885805e-10   1.56042387e-01]\n",
      " [  1.56042387e-01   2.54885805e-10   3.95022007e-01   5.09579503e-11]\n",
      " [  2.54885805e-10   1.56042387e-01   5.09579503e-11   3.95022007e-01]]\n",
      "state = \n",
      "[[ 129.74433544]\n",
      " [  47.45993148]\n",
      " [   9.88503302]\n",
      " [   3.79215895]]\n",
      "--------------------------------------------------\n",
      "measurement =  [140.31875263412087, 52.364486874529454]\n",
      "x = \n",
      "[[ 129.74433544]\n",
      " [  47.45993148]\n",
      " [   9.88503302]\n",
      " [   3.79215895]]\n",
      "x_predicted = \n",
      "[[ 139.62936847]\n",
      " [  51.25209043]\n",
      " [   9.88503302]\n",
      " [   3.79215895]]\n",
      "x_ouput = \n",
      "[[ 140.18446486]\n",
      " [  52.14779893]\n",
      " [  10.31532563]\n",
      " [   4.48648294]]\n",
      "P =\n",
      "[[  2.01301547e-01   6.96526423e-11   1.56042387e-01  -1.63608536e-10]\n",
      " [  6.96526423e-11   2.01301547e-01  -1.63608536e-10   1.56042387e-01]\n",
      " [  1.56042387e-01  -1.63608536e-10   3.95022007e-01   3.84303483e-10]\n",
      " [ -1.63608536e-10   1.56042387e-01   3.84303483e-10   3.95022007e-01]]\n",
      "state = \n",
      "[[ 140.18446486]\n",
      " [  52.14779893]\n",
      " [  10.31532563]\n",
      " [   4.48648294]]\n",
      "--------------------------------------------------\n",
      "measurement =  [149.0315495713581, 56.911924740933166]\n",
      "x = \n",
      "[[ 140.18446486]\n",
      " [  52.14779893]\n",
      " [  10.31532563]\n",
      " [   4.48648294]]\n",
      "x_predicted = \n",
      "[[ 150.49979049]\n",
      " [  56.63428187]\n",
      " [  10.31532563]\n",
      " [   4.48648294]]\n",
      "x_ouput = \n",
      "[[ 149.31755382]\n",
      " [  56.85784163]\n",
      " [   9.39889436]\n",
      " [   4.65977916]]\n",
      "P =\n",
      "[[  2.01301547e-01   4.80906636e-12   1.56042387e-01   2.75805226e-11]\n",
      " [  4.80906636e-12   2.01301547e-01   2.75805226e-11   1.56042387e-01]\n",
      " [  1.56042387e-01   2.75805226e-11   3.95022008e-01   1.58177319e-10]\n",
      " [  2.75805226e-11   1.56042387e-01   1.58177319e-10   3.95022008e-01]]\n",
      "state = \n",
      "[[ 149.31755382]\n",
      " [  56.85784163]\n",
      " [   9.39889436]\n",
      " [   4.65977916]]\n",
      "--------------------------------------------------\n",
      "measurement =  [159.90580805366386, 60.03858860020509]\n",
      "x = \n",
      "[[ 149.31755382]\n",
      " [  56.85784163]\n",
      " [   9.39889436]\n",
      " [   4.65977916]]\n",
      "x_predicted = \n",
      "[[ 158.71644817]\n",
      " [  61.51762079]\n",
      " [   9.39889436]\n",
      " [   4.65977916]]\n",
      "x_ouput = \n",
      "[[ 159.67412811]\n",
      " [  60.32669492]\n",
      " [  10.14125657]\n",
      " [   3.73661231]]\n",
      "P =\n",
      "[[  2.01301547e-01   8.27752334e-12   1.56042387e-01   9.66116119e-12]\n",
      " [  8.27752334e-12   2.01301547e-01   9.66116119e-12   1.56042387e-01]\n",
      " [  1.56042387e-01   9.66116119e-12   3.95022008e-01   1.12760824e-11]\n",
      " [  9.66116119e-12   1.56042387e-01   1.12760824e-11   3.95022008e-01]]\n",
      "state = \n",
      "[[ 159.67412811]\n",
      " [  60.32669492]\n",
      " [  10.14125657]\n",
      " [   3.73661231]]\n",
      "--------------------------------------------------\n",
      "measurement =  [169.99388978206264, 64.6555651567955]\n",
      "x = \n",
      "[[ 159.67412811]\n",
      " [  60.32669492]\n",
      " [  10.14125657]\n",
      " [   3.73661231]]\n",
      "x_predicted = \n",
      "[[ 169.81538468]\n",
      " [  64.06330723]\n",
      " [  10.14125657]\n",
      " [   3.73661231]]\n",
      "x_ouput = \n",
      "[[ 169.95911809]\n",
      " [  64.54019698]\n",
      " [  10.25267402]\n",
      " [   4.10628167]]\n",
      "P =\n",
      "[[  2.01301547e-01   1.47513267e-12   1.56042387e-01  -6.48259551e-13]\n",
      " [  1.47513267e-12   2.01301547e-01  -6.48259551e-13   1.56042387e-01]\n",
      " [  1.56042387e-01  -6.48259551e-13   3.95022008e-01   2.84883153e-13]\n",
      " [ -6.48259551e-13   1.56042387e-01   2.84883153e-13   3.95022008e-01]]\n",
      "state = \n",
      "[[ 169.95911809]\n",
      " [  64.54019698]\n",
      " [  10.25267402]\n",
      " [   4.10628167]]\n",
      "--------------------------------------------------\n",
      "measurement =  [180.0714590304232, 67.25775141389465]\n",
      "x = \n",
      "[[ 169.95911809]\n",
      " [  64.54019698]\n",
      " [  10.25267402]\n",
      " [   4.10628167]]\n",
      "x_predicted = \n",
      "[[ 180.21179211]\n",
      " [  68.64647865]\n",
      " [  10.25267402]\n",
      " [   4.10628167]]\n",
      "x_ouput = \n",
      "[[ 180.09879505]\n",
      " [  67.52826689]\n",
      " [  10.16508238]\n",
      " [   3.23948042]]\n",
      "P =\n",
      "[[  2.01301547e-01   1.75872111e-14   1.56042387e-01  -1.27137428e-13]\n",
      " [  1.75872111e-14   2.01301547e-01  -1.27137428e-13   1.56042387e-01]\n",
      " [  1.56042387e-01  -1.27137428e-13   3.95022008e-01   9.19072702e-13]\n",
      " [ -1.27137428e-13   1.56042387e-01   9.19072702e-13   3.95022008e-01]]\n",
      "state = \n",
      "[[ 180.09879505]\n",
      " [  67.52826689]\n",
      " [  10.16508238]\n",
      " [   3.23948042]]\n",
      "--------------------------------------------------\n",
      "measurement =  [189.20152671212372, 72.31920807724742]\n",
      "x = \n",
      "[[ 180.09879505]\n",
      " [  67.52826689]\n",
      " [  10.16508238]\n",
      " [   3.23948042]]\n",
      "x_predicted = \n",
      "[[ 190.26387743]\n",
      " [  70.76774731]\n",
      " [  10.16508238]\n",
      " [   3.23948042]]\n",
      "x_ouput = \n",
      "[[ 189.40846606]\n",
      " [  72.01699312]\n",
      " [   9.50199542]\n",
      " [   4.20785499]]\n",
      "P =\n",
      "[[  2.01301547e-01   2.58928478e-14   1.56042387e-01   7.12967367e-14]\n",
      " [  2.58928478e-14   2.01301547e-01   7.12967367e-14   1.56042387e-01]\n",
      " [  1.56042387e-01   7.12967367e-14   3.95022008e-01   1.96317713e-13]\n",
      " [  7.12967367e-14   1.56042387e-01   1.96317713e-13   3.95022008e-01]]\n",
      "state = \n",
      "[[ 189.40846606]\n",
      " [  72.01699312]\n",
      " [   9.50199542]\n",
      " [   4.20785499]]\n",
      "--------------------------------------------------\n",
      "measurement =  [199.57409310012255, 75.98314128051399]\n",
      "x = \n",
      "[[ 189.40846606]\n",
      " [  72.01699312]\n",
      " [   9.50199542]\n",
      " [   4.20785499]]\n",
      "x_predicted = \n",
      "[[ 198.91046147]\n",
      " [  76.22484811]\n",
      " [   9.50199542]\n",
      " [   4.20785499]]\n",
      "x_ouput = \n",
      "[[ 199.44482177]\n",
      " [  76.03022427]\n",
      " [   9.91621407]\n",
      " [   4.05698895]]\n",
      "P =\n",
      "[[  2.01301547e-01   1.38423537e-14   1.56042387e-01   7.77517178e-15]\n",
      " [  1.38423537e-14   2.01301547e-01   7.77517178e-15   1.56042387e-01]\n",
      " [  1.56042387e-01   7.77517178e-15   3.95022008e-01   4.36727000e-15]\n",
      " [  7.77517178e-15   1.56042387e-01   4.36727000e-15   3.95022008e-01]]\n",
      "state = \n",
      "[[ 199.44482177]\n",
      " [  76.03022427]\n",
      " [   9.91621407]\n",
      " [   4.05698895]]\n",
      "--------------------------------------------------\n",
      "measurement =  [209.67727053372332, 79.9563632894886]\n",
      "x = \n",
      "[[ 199.44482177]\n",
      " [  76.03022427]\n",
      " [   9.91621407]\n",
      " [   4.05698895]]\n",
      "x_predicted = \n",
      "[[ 209.36103583]\n",
      " [  80.08721322]\n",
      " [   9.91621407]\n",
      " [   4.05698895]]\n",
      "x_ouput = \n",
      "[[ 209.61566997]\n",
      " [  79.98185205]\n",
      " [  10.11359814]\n",
      " [   3.9753164 ]]\n",
      "P =\n",
      "[[  2.01301547e-01   1.28100943e-15   1.56042387e-01  -1.73941167e-15]\n",
      " [  1.28100943e-15   2.01301547e-01  -1.73941167e-15   1.56042387e-01]\n",
      " [  1.56042387e-01  -1.73941167e-15   3.95022008e-01   2.36185064e-15]\n",
      " [ -1.73941167e-15   1.56042387e-01   2.36185064e-15   3.95022008e-01]]\n",
      "state = \n",
      "[[ 209.61566997]\n",
      " [  79.98185205]\n",
      " [  10.11359814]\n",
      " [   3.9753164 ]]\n",
      "--------------------------------------------------\n",
      "measurement =  [220.444109216907, 84.30188990835231]\n",
      "x = \n",
      "[[ 209.61566997]\n",
      " [  79.98185205]\n",
      " [  10.11359814]\n",
      " [   3.9753164 ]]\n",
      "x_predicted = \n",
      "[[ 219.72926811]\n",
      " [  83.95716845]\n",
      " [  10.11359814]\n",
      " [   3.9753164 ]]\n",
      "x_ouput = \n",
      "[[ 220.30486259]\n",
      " [  84.2347403 ]\n",
      " [  10.55978019]\n",
      " [   4.19048104]]\n",
      "P =\n",
      "[[  2.01301547e-01   6.22431319e-18   1.56042387e-01   1.01302958e-16]\n",
      " [  6.22431319e-18   2.01301547e-01   1.01302958e-16   1.56042387e-01]\n",
      " [  1.56042387e-01   1.01302958e-16   3.95022008e-01   1.64874242e-15]\n",
      " [  1.01302958e-16   1.56042387e-01   1.64874242e-15   3.95022008e-01]]\n",
      "state = \n",
      "[[ 220.30486259]\n",
      " [  84.2347403 ]\n",
      " [  10.55978019]\n",
      " [   4.19048104]]\n",
      "--------------------------------------------------\n",
      "measurement =  [229.9917954390777, 88.10425697618798]\n",
      "x = \n",
      "[[ 220.30486259]\n",
      " [  84.2347403 ]\n",
      " [  10.55978019]\n",
      " [   4.19048104]]\n",
      "x_predicted = \n",
      "[[ 230.86464278]\n",
      " [  88.42522134]\n",
      " [  10.55978019]\n",
      " [   4.19048104]]\n",
      "x_ouput = \n",
      "[[ 230.1618207 ]\n",
      " [  88.16677885]\n",
      " [  10.01497546]\n",
      " [   3.99014486]]\n",
      "P =\n",
      "[[  2.01301547e-01   7.04849051e-17   1.56042387e-01   1.15046219e-16]\n",
      " [  7.04849051e-17   2.01301547e-01   1.15046219e-16   1.56042387e-01]\n",
      " [  1.56042387e-01   1.15046219e-16   3.95022008e-01   1.87779673e-16]\n",
      " [  1.15046219e-16   1.56042387e-01   1.87779673e-16   3.95022008e-01]]\n",
      "state = \n",
      "[[ 230.1618207 ]\n",
      " [  88.16677885]\n",
      " [  10.01497546]\n",
      " [   3.99014486]]\n",
      "--------------------------------------------------\n",
      "measurement =  [240.12912714298045, 91.74369525734056]\n",
      "x = \n",
      "[[ 230.1618207 ]\n",
      " [  88.16677885]\n",
      " [  10.01497546]\n",
      " [   3.99014486]]\n",
      "x_predicted = \n",
      "[[ 240.17679616]\n",
      " [  92.15692371]\n",
      " [  10.01497546]\n",
      " [   3.99014486]]\n",
      "x_ouput = \n",
      "[[ 240.13841277]\n",
      " [  91.8241896 ]\n",
      " [   9.98522191]\n",
      " [   3.73222024]]\n",
      "P =\n",
      "[[  2.01301547e-01   1.85305258e-17   1.56042387e-01  -3.87967966e-19]\n",
      " [  1.85305258e-17   2.01301547e-01  -3.87967966e-19   1.56042387e-01]\n",
      " [  1.56042387e-01  -3.87967966e-19   3.95022008e-01   8.12276701e-21]\n",
      " [ -3.87967966e-19   1.56042387e-01   8.12276702e-21   3.95022008e-01]]\n",
      "state = \n",
      "[[ 240.13841277]\n",
      " [  91.8241896 ]\n",
      " [   9.98522191]\n",
      " [   3.73222024]]\n",
      "--------------------------------------------------\n",
      "measurement =  [250.06539283008138, 96.42682757603384]\n",
      "x = \n",
      "[[ 240.13841277]\n",
      " [  91.8241896 ]\n",
      " [   9.98522191]\n",
      " [   3.73222024]]\n",
      "x_predicted = \n",
      "[[ 250.12363468]\n",
      " [  95.55640985]\n",
      " [   9.98522191]\n",
      " [   3.73222024]]\n",
      "x_ouput = \n",
      "[[ 250.07673798]\n",
      " [  96.25727559]\n",
      " [   9.94886912]\n",
      " [   4.27550848]]\n",
      "P =\n",
      "[[  2.01301547e-01   6.73999540e-19   1.56042387e-01  -2.23365963e-18]\n",
      " [  6.73999540e-19   2.01301547e-01  -2.23365963e-18   1.56042387e-01]\n",
      " [  1.56042387e-01  -2.23365963e-18   3.95022008e-01   7.40243136e-18]\n",
      " [ -2.23365963e-18   1.56042387e-01   7.40243136e-18   3.95022008e-01]]\n",
      "state = \n",
      "[[ 250.07673798]\n",
      " [  96.25727559]\n",
      " [   9.94886912]\n",
      " [   4.27550848]]\n",
      "--------------------------------------------------\n",
      "measurement =  [260.8564974646481, 100.3914386560943]\n",
      "x = \n",
      "[[ 250.07673798]\n",
      " [  96.25727559]\n",
      " [   9.94886912]\n",
      " [   4.27550848]]\n",
      "x_predicted = \n",
      "[[ 260.0256071 ]\n",
      " [ 100.53278407]\n",
      " [   9.94886912]\n",
      " [   4.27550848]]\n",
      "x_ouput = \n",
      "[[ 260.69464516]\n",
      " [ 100.41897187]\n",
      " [  10.46748558]\n",
      " [   4.18728498]]\n",
      "P =\n",
      "[[  2.01301547e-01   1.36946402e-19   1.56042387e-01   5.68033199e-19]\n",
      " [  1.36946402e-19   2.01301547e-01   5.68033199e-19   1.56042387e-01]\n",
      " [  1.56042387e-01   5.68033199e-19   3.95022008e-01   2.35611677e-18]\n",
      " [  5.68033199e-19   1.56042387e-01   2.35611677e-18   3.95022008e-01]]\n",
      "state = \n",
      "[[ 260.69464516]\n",
      " [ 100.41897187]\n",
      " [  10.46748558]\n",
      " [   4.18728498]]\n",
      "--------------------------------------------------\n",
      "measurement =  [269.63616814062163, 103.90175651567004]\n",
      "x = \n",
      "[[ 260.69464516]\n",
      " [ 100.41897187]\n",
      " [  10.46748558]\n",
      " [   4.18728498]]\n",
      "x_predicted = \n",
      "[[ 271.16213074]\n",
      " [ 104.60625685]\n",
      " [  10.46748558]\n",
      " [   4.18728498]]\n",
      "x_ouput = \n",
      "[[ 269.93341621]\n",
      " [ 104.03898882]\n",
      " [   9.51502619]\n",
      " [   3.74755733]]\n",
      "P =\n",
      "[[  2.01301547e-01   1.37705975e-19   1.56042387e-01   1.28360903e-19]\n",
      " [  1.37705975e-19   2.01301547e-01   1.28360903e-19   1.56042387e-01]\n",
      " [  1.56042387e-01   1.28360903e-19   3.95022008e-01   1.19650011e-19]\n",
      " [  1.28360903e-19   1.56042387e-01   1.19650011e-19   3.95022008e-01]]\n",
      "state = \n",
      "[[ 269.93341621]\n",
      " [ 104.03898882]\n",
      " [   9.51502619]\n",
      " [   3.74755733]]\n",
      "--------------------------------------------------\n",
      "measurement =  [280.12950306376234, 108.46236757566808]\n",
      "x = \n",
      "[[ 269.93341621]\n",
      " [ 104.03898882]\n",
      " [   9.51502619]\n",
      " [   3.74755733]]\n",
      "x_predicted = \n",
      "[[ 279.44844241]\n",
      " [ 107.78654615]\n",
      " [   9.51502619]\n",
      " [   3.74755733]]\n",
      "x_ouput = \n",
      "[[ 279.99683666]\n",
      " [ 108.33072174]\n",
      " [   9.94012352]\n",
      " [   4.16938448]]\n",
      "P =\n",
      "[[  2.01301547e-01   1.95064911e-20   1.56042387e-01  -1.41928307e-20]\n",
      " [  1.95064911e-20   2.01301547e-01  -1.41928307e-20   1.56042387e-01]\n",
      " [  1.56042387e-01  -1.41928307e-20   3.95022008e-01   1.03266364e-20]\n",
      " [ -1.41928307e-20   1.56042387e-01   1.03266364e-20   3.95022008e-01]]\n",
      "state = \n",
      "[[ 279.99683666]\n",
      " [ 108.33072174]\n",
      " [   9.94012352]\n",
      " [   4.16938448]]\n",
      "--------------------------------------------------\n",
      "measurement =  [290.1036813977133, 112.78971885488116]\n",
      "x = \n",
      "[[ 279.99683666]\n",
      " [ 108.33072174]\n",
      " [   9.94012352]\n",
      " [   4.16938448]]\n",
      "x_predicted = \n",
      "[[ 289.93696018]\n",
      " [ 112.50010622]\n",
      " [   9.94012352]\n",
      " [   4.16938448]]\n",
      "x_ouput = \n",
      "[[ 290.07120514]\n",
      " [ 112.73330411]\n",
      " [  10.04418582]\n",
      " [   4.35015187]]\n",
      "P =\n",
      "[[  2.01301547e-01   5.49235699e-23   1.56042387e-01  -9.29099973e-22]\n",
      " [  5.49235699e-23   2.01301547e-01  -9.29099973e-22   1.56042387e-01]\n",
      " [  1.56042387e-01  -9.29099973e-22   3.95022008e-01   1.57168728e-20]\n",
      " [ -9.29099973e-22   1.56042387e-01   1.57168728e-20   3.95022008e-01]]\n",
      "state = \n",
      "[[ 290.07120514]\n",
      " [ 112.73330411]\n",
      " [  10.04418582]\n",
      " [   4.35015187]]\n",
      "--------------------------------------------------\n",
      "measurement =  [299.5339222932443, 115.48624119688614]\n",
      "x = \n",
      "[[ 290.07120514]\n",
      " [ 112.73330411]\n",
      " [  10.04418582]\n",
      " [   4.35015187]]\n",
      "x_predicted = \n",
      "[[ 300.11539096]\n",
      " [ 117.08345597]\n",
      " [  10.04418582]\n",
      " [   4.35015187]]\n",
      "x_ouput = \n",
      "[[ 299.64718879]\n",
      " [ 115.79736875]\n",
      " [   9.68125079]\n",
      " [   3.35321904]]\n",
      "P =\n",
      "[[  2.01301547e-01   5.27946253e-22   1.56042387e-01   1.18889084e-21]\n",
      " [  5.27946253e-22   2.01301547e-01   1.18889084e-21   1.56042387e-01]\n",
      " [  1.56042387e-01   1.18889084e-21   3.95022008e-01   2.67728283e-21]\n",
      " [  1.18889084e-21   1.56042387e-01   2.67728283e-21   3.95022008e-01]]\n",
      "state = \n",
      "[[ 299.64718879]\n",
      " [ 115.79736875]\n",
      " [   9.68125079]\n",
      " [   3.35321904]]\n",
      "--------------------------------------------------\n",
      "measurement =  [310.634908289555, 120.30955330783317]\n",
      "x = \n",
      "[[ 299.64718879]\n",
      " [ 115.79736875]\n",
      " [   9.68125079]\n",
      " [   3.35321904]]\n",
      "x_predicted = \n",
      "[[ 309.32843958]\n",
      " [ 119.15058779]\n",
      " [   9.68125079]\n",
      " [   3.35321904]]\n",
      "x_ouput = \n",
      "[[ 310.38041627]\n",
      " [ 120.083794  ]\n",
      " [  10.49670877]\n",
      " [   4.07661002]]\n",
      "P =\n",
      "[[  2.01301547e-01   2.11845272e-22   1.56042387e-01   7.42998863e-23]\n",
      " [  2.11845272e-22   2.01301547e-01   7.42998863e-23   1.56042387e-01]\n",
      " [  1.56042387e-01   7.42998863e-23   3.95022008e-01   2.60589866e-23]\n",
      " [  7.42998863e-23   1.56042387e-01   2.60589866e-23   3.95022008e-01]]\n",
      "state = \n",
      "[[ 310.38041627]\n",
      " [ 120.083794  ]\n",
      " [  10.49670877]\n",
      " [   4.07661002]]\n",
      "--------------------------------------------------\n",
      "measurement =  [319.73746408323433, 123.3267960591392]\n",
      "x = \n",
      "[[ 310.38041627]\n",
      " [ 120.083794  ]\n",
      " [  10.49670877]\n",
      " [   4.07661002]]\n",
      "x_predicted = \n",
      "[[ 320.87712504]\n",
      " [ 124.16040402]\n",
      " [  10.49670877]\n",
      " [   4.07661002]]\n",
      "x_ouput = \n",
      "[[ 319.95946299]\n",
      " [ 123.48917773]\n",
      " [   9.78536711]\n",
      " [   3.55629732]]\n",
      "P =\n",
      "[[  2.01301547e-01   1.46657521e-23   1.56042387e-01  -2.74435599e-23]\n",
      " [  1.46657521e-23   2.01301547e-01  -2.74435599e-23   1.56042387e-01]\n",
      " [  1.56042387e-01  -2.74435599e-23   3.95022008e-01   5.13542691e-23]\n",
      " [ -2.74435599e-23   1.56042387e-01   5.13542691e-23   3.95022008e-01]]\n",
      "state = \n",
      "[[ 319.95946299]\n",
      " [ 123.48917773]\n",
      " [   9.78536711]\n",
      " [   3.55629732]]\n",
      "--------------------------------------------------\n",
      "measurement =  [329.6096775380042, 127.56282228020626]\n",
      "x = \n",
      "[[ 319.95946299]\n",
      " [ 123.48917773]\n",
      " [   9.78536711]\n",
      " [   3.55629732]]\n",
      "x_predicted = \n",
      "[[ 329.74483009]\n",
      " [ 127.04547505]\n",
      " [   9.78536711]\n",
      " [   3.55629732]]\n",
      "x_ouput = \n",
      "[[ 329.63600442]\n",
      " [ 127.46204624]\n",
      " [   9.701009  ]\n",
      " [   3.87920971]]\n",
      "P =\n",
      "[[  2.01301547e-01   4.22433815e-25   1.56042387e-01   3.30407144e-24]\n",
      " [  4.22433815e-25   2.01301547e-01   3.30407144e-24   1.56042387e-01]\n",
      " [  1.56042387e-01   3.30407144e-24   3.95022008e-01   2.58428367e-23]\n",
      " [  3.30407144e-24   1.56042387e-01   2.58428367e-23   3.95022008e-01]]\n",
      "state = \n",
      "[[ 329.63600442]\n",
      " [ 127.46204624]\n",
      " [   9.701009  ]\n",
      " [   3.87920971]]\n",
      "--------------------------------------------------\n",
      "measurement =  [340.5099734042693, 132.13634741594467]\n",
      "x = \n",
      "[[ 329.63600442]\n",
      " [ 127.46204624]\n",
      " [   9.701009  ]\n",
      " [   3.87920971]]\n",
      "x_predicted = \n",
      "[[ 339.33701342]\n",
      " [ 131.34125595]\n",
      " [   9.701009  ]\n",
      " [   3.87920971]]\n",
      "x_ouput = \n",
      "[[ 340.28148806]\n",
      " [ 131.98146852]\n",
      " [  10.4331349 ]\n",
      " [   4.37548159]]\n",
      "P =\n",
      "[[  2.01301547e-01   1.24736947e-24   1.56042387e-01   1.68074423e-24]\n",
      " [  1.24736947e-24   2.01301547e-01   1.68074423e-24   1.56042387e-01]\n",
      " [  1.56042387e-01   1.68074423e-24   3.95022008e-01   2.26468680e-24]\n",
      " [  1.68074423e-24   1.56042387e-01   2.26468680e-24   3.95022008e-01]]\n",
      "state = \n",
      "[[ 340.28148806]\n",
      " [ 131.98146852]\n",
      " [  10.4331349 ]\n",
      " [   4.37548159]]\n",
      "--------------------------------------------------\n",
      "measurement =  [349.84948330079743, 135.32255208350276]\n",
      "x = \n",
      "[[ 340.28148806]\n",
      " [ 131.98146852]\n",
      " [  10.4331349 ]\n",
      " [   4.37548159]]\n",
      "x_predicted = \n",
      "[[ 350.71462296]\n",
      " [ 136.35695011]\n",
      " [  10.4331349 ]\n",
      " [   4.37548159]]\n",
      "x_ouput = \n",
      "[[ 350.01800715]\n",
      " [ 135.52404642]\n",
      " [   9.89314107]\n",
      " [   3.72984184]]\n",
      "P =\n",
      "[[  2.01301547e-01   2.60814105e-25   1.56042387e-01  -6.71700239e-26]\n",
      " [  2.60814105e-25   2.01301547e-01  -6.71700239e-26   1.56042387e-01]\n",
      " [  1.56042387e-01  -6.71700239e-26   3.95022008e-01   1.72989575e-26]\n",
      " [ -6.71700239e-26   1.56042387e-01   1.72989575e-26   3.95022008e-01]]\n",
      "state = \n",
      "[[ 350.01800715]\n",
      " [ 135.52404642]\n",
      " [   9.89314107]\n",
      " [   3.72984184]]\n",
      "--------------------------------------------------\n",
      "measurement =  [360.3993667558636, 140.78354801849693]\n",
      "x = \n",
      "[[ 350.01800715]\n",
      " [ 135.52404642]\n",
      " [   9.89314107]\n",
      " [   3.72984184]]\n",
      "x_predicted = \n",
      "[[ 359.91114823]\n",
      " [ 139.25388826]\n",
      " [   9.89314107]\n",
      " [   3.72984184]]\n",
      "x_ouput = \n",
      "[[ 360.30426481]\n",
      " [ 140.48557976]\n",
      " [  10.19787221]\n",
      " [   4.68460888]]\n",
      "P =\n",
      "[[  2.01301547e-01   5.45541370e-27   1.56042387e-01  -2.71951258e-26]\n",
      " [  5.45541370e-27   2.01301547e-01  -2.71951258e-26   1.56042387e-01]\n",
      " [  1.56042387e-01  -2.71951258e-26   3.95022008e-01   1.35567146e-25]\n",
      " [ -2.71951258e-26   1.56042387e-01   1.35567146e-25   3.95022008e-01]]\n",
      "state = \n",
      "[[ 360.30426481]\n",
      " [ 140.48557976]\n",
      " [  10.19787221]\n",
      " [   4.68460888]]\n",
      "--------------------------------------------------\n",
      "measurement =  [370.61363770552447, 143.6553553972082]\n",
      "x = \n",
      "[[ 360.30426481]\n",
      " [ 140.48557976]\n",
      " [  10.19787221]\n",
      " [   4.68460888]]\n",
      "x_predicted = \n",
      "[[ 370.50213702]\n",
      " [ 145.17018864]\n",
      " [  10.19787221]\n",
      " [   4.68460888]]\n",
      "x_ouput = \n",
      "[[ 370.59191806]\n",
      " [ 143.95043554]\n",
      " [  10.26746754]\n",
      " [   3.7390961 ]]\n",
      "P =\n",
      "[[  2.01301547e-01   3.28723080e-27   1.56042387e-01   1.05770647e-26]\n",
      " [  3.28723080e-27   2.01301547e-01   1.05770647e-26   1.56042387e-01]\n",
