{
 "cells": [
  {
   "cell_type": "code",
   "execution_count": 1,
   "metadata": {
    "collapsed": true
   },
   "outputs": [],
   "source": [
    "import random\n",
    "import numpy as np\n",
    "import matplotlib.pyplot as plt"
   ]
  },
  {
   "cell_type": "code",
   "execution_count": 84,
   "metadata": {
    "collapsed": false
   },
   "outputs": [],
   "source": [
    "class KalmanFilter:\n",
    "    def __init__(self, sigma_x, sigma_q):\n",
    "        sigma_v = 10.0\n",
    "        self.sigma_x = sigma_x\n",
    "        self.P = np.array([[sigma_x*sigma_x, sigma_x*sigma_x, sigma_x*sigma_v, sigma_x*sigma_v], \n",
    "                           [sigma_x*sigma_x, sigma_x*sigma_x, sigma_x*sigma_v, sigma_x*sigma_v],\n",
    "                           [sigma_v*sigma_x, sigma_v*sigma_x, sigma_v*sigma_v, sigma_v*sigma_v],\n",
    "                           [sigma_v*sigma_x, sigma_v*sigma_x, sigma_v*sigma_v, sigma_v*sigma_v]])\n",
    "        \n",
    "        self.R = np.identity(2) * (sigma_x*sigma_x)\n",
    "        self.is_init = False\n",
    "        \n",
    "    def predict(self, dt):\n",
    "        A = np.array([[1.0, 0.0, dt, 0.0],\n",
    "                      [0.0, 1.0, 0.0, dt],\n",
    "                      [0.0, 0.0, 1.0, 0.0],\n",
    "                      [0.0, 0.0, 0.0, 1.0]])\n",
    "        self.x = A.dot(self.x)\n",
    "        A_t = np.transpose(A)\n",
    "        Q = np.array([[pow(dt, 4)/4, 0.0, pow(dt, 3)/2, 0.0],\n",
    "                      [0.0, pow(dt, 4)/4, 0.0, pow(dt, 3)/2],\n",
    "                      [pow(dt, 3)/2, 0.0, pow(dt, 2), 0.0],\n",
    "                      [0.0, pow(dt, 3)/2, 0.0, pow(dt, 2)]]) * self.sigma_x\n",
    "        self.P = A.dot(self.P).dot(A_t) + Q\n",
    "    \n",
    "    def update(self, measurement):\n",
    "        H = np.array([[1.0, 0.0, 0.0, 0.0], [0.0, 1.0, 0.0, 0.0]])\n",
    "        \n",
    "        PHt = self.P.dot(H.T)\n",
    "        print ('PHt =')\n",
    "        print (PHt)\n",
    "        S = H.dot(PHt) + self.R\n",
    "        print ('S = ')\n",
    "        print (S)\n",
    "        \n",
    "        S_i = np.linalg.inv(S)\n",
    "        print ('S_i = ')\n",
    "        print (S_i)\n",
    "        \n",
    "        K = PHt.dot(S_i)\n",
    "        print ('K = ')\n",
    "        print (K)\n",
    "        \n",
    "        z = np.matrix(measurement).T\n",
    "        print ('z = ')\n",
    "        print (z)\n",
    "        U = z - H.dot(self.x)\n",
    "        print ('U =')\n",
    "        print (U)\n",
    "        self.x = self.x + K.dot(z - H.dot(self.x))\n",
    "        I = np.identity(4)\n",
    "        self.P = (I - K.dot(H)).dot(self.P)\n",
    "        \n",
    "    def process(self, measurement, dt):\n",
    "        print ('-'*50)\n",
    "        print ('measurement = ', measurement)\n",
    "        if not self.is_init:\n",
    "            self.x = np.array([[measurement[0]],[measurement[1]], [0.0], [0.0]])\n",
    "            self.is_init = True\n",
    "        else:\n",
    "            print ('x = ')\n",
    "            print (self.x)\n",
    "            self.predict(dt)\n",
    "            print ('x_predicted = ')\n",
    "            print ( self.x)\n",
    "            self.update(measurement)\n",
    "        print ('x_ouput = ')\n",
    "        print (self.x)\n",
    "        print ('P =')\n",
    "        print (self.P)\n",
    "\n",
    "    def state(self):\n",
    "        return self.x\n",
    "\n",
    "    def covar(self):\n",
    "        return self.P"
   ]
  },
  {
   "cell_type": "code",
   "execution_count": 91,
   "metadata": {
    "collapsed": false
   },
   "outputs": [
    {
     "name": "stdout",
     "output_type": "stream",
     "text": [
      "--------------------------------------------------\n",
      "measurement =  [9.726499028737937, 0.3833755541612407]\n",
      "x_ouput = \n",
      "[[ 9.72649903]\n",
      " [ 0.38337555]\n",
      " [ 0.        ]\n",
      " [ 0.        ]]\n",
      "P =\n",
      "[[   0.25    0.25    5.      5.  ]\n",
      " [   0.25    0.25    5.      5.  ]\n",
      " [   5.      5.    100.    100.  ]\n",
      " [   5.      5.    100.    100.  ]]\n",
      "--------------------------------------------------\n",
      "measurement =  [20.736644700028318, 4.822741539796512]\n",
      "x = \n",
      "[[ 9.72649903]\n",
      " [ 0.38337555]\n",
      " [ 0.        ]\n",
      " [ 0.        ]]\n",
      "x_predicted = \n",
      "[[ 9.72649903]\n",
      " [ 0.38337555]\n",
      " [ 0.        ]\n",
      " [ 0.        ]]\n",
      "PHt =\n",
      "[[ 110.375  110.25 ]\n",
      " [ 110.25   110.375]\n",
      " [ 105.25   105.   ]\n",
      " [ 105.     105.25 ]]\n",
      "S = \n",
      "[[ 110.625  110.25 ]\n",
      " [ 110.25   110.625]]\n",
      "S_i = \n",
      "[[ 1.33559706 -1.33106961]\n",
      " [-1.33106961  1.33559706]]\n",
      "K = \n",
      "[[ 0.66610074  0.3327674 ]\n",
      " [ 0.3327674   0.66610074]\n",
      " [ 0.80928127  0.1426146 ]\n",
      " [ 0.1426146   0.80928127]]\n",
      "z = \n",
      "[[ 20.7366447 ]\n",
      " [  4.82274154]]\n",
      "U =\n",
      "[[ 11.01014567]\n",
      " [  4.43936599]]\n",
      "x_ouput = \n",
      "[[ 18.53764145]\n",
      " [  7.00425808]\n",
      " [  9.54342306]\n",
      " [  5.16290326]]\n",
      "P =\n",
      "[[ 0.16652518  0.08319185  0.20232032  0.03565365]\n",
      " [ 0.08319185  0.16652518  0.03565365  0.20232032]\n",
      " [ 0.20232032  0.03565365  0.34861347  0.01528014]\n",
      " [ 0.03565365  0.20232032  0.01528014  0.34861347]]\n",
      "--------------------------------------------------\n",
      "measurement =  [30.069040326411926, 10.406630053166198]\n",
      "x = \n",
      "[[ 18.53764145]\n",
      " [  7.00425808]\n",
      " [  9.54342306]\n",
      " [  5.16290326]]\n",
      "x_predicted = \n",
      "[[ 28.0810645 ]\n",
      " [ 12.16716134]\n",
      " [  9.54342306]\n",
      " [  5.16290326]]\n",
      "PHt =\n",
      "[[ 1.04477929  0.16977929]\n",
      " [ 0.16977929  1.04477929]\n",
      " [ 0.80093379  0.05093379]\n",
      " [ 0.05093379  0.80093379]]\n",
      "S = \n",
      "[[ 1.29477929  0.16977929]\n",
      " [ 0.16977929  1.29477929]]\n",
      "S_i = \n",
      "[[ 0.78584424 -0.10304465]\n",
      " [-0.10304465  0.78584424]]\n",
      "K = \n",
      "[[ 0.80353894  0.02576116]\n",
      " [ 0.02576116  0.80353894]\n",
      " [ 0.62416075 -0.04250592]\n",
      " [-0.04250592  0.62416075]]\n",
      "z = \n",
      "[[ 30.06904033]\n",
      " [ 10.40663005]]\n",
      "U =\n",
      "[[ 1.98797582]\n",
      " [-1.76053129]]\n",
      "x_ouput = \n",
      "[[ 29.63312716]\n",
      " [ 10.80371846]\n",
      " [ 10.85907253]\n",
      " [  3.979548  ]]\n",
      "P =\n",
      "[[ 0.20088473  0.00644029  0.15604019 -0.01062648]\n",
      " [ 0.00644029  0.20088473 -0.01062648  0.15604019]\n",
      " [ 0.15604019 -0.01062648  0.35086702  0.01753369]\n",
      " [-0.01062648  0.15604019  0.01753369  0.35086702]]\n",
      "--------------------------------------------------\n",
      "measurement =  [40.188778223277914, 15.092590711281881]\n",
      "x = \n",
      "[[ 29.63312716]\n",
      " [ 10.80371846]\n",
      " [ 10.85907253]\n",
      " [  3.979548  ]]\n",
      "x_predicted = \n",
      "[[ 40.49219969]\n",
      " [ 14.78326646]\n",
      " [ 10.85907253]\n",
      " [  3.979548  ]]\n",
      "PHt =\n",
      "[[ 0.98883213  0.00272102]\n",
      " [ 0.00272102  0.98883213]\n",
      " [ 0.75690721  0.00690721]\n",
      " [ 0.00690721  0.75690721]]\n",
      "S = \n",
      "[[ 1.23883213  0.00272102]\n",
      " [ 0.00272102  1.23883213]]\n",
      "S_i = \n",
      "[[ 0.80721576 -0.001773  ]\n",
      " [-0.001773    0.80721576]]\n",
      "K = \n",
      "[[  7.98196060e-01   4.43250616e-04]\n",
      " [  4.43250616e-04   7.98196060e-01]\n",
      " [  6.10975185e-01   4.23361165e-03]\n",
      " [  4.23361165e-03   6.10975185e-01]]\n",
      "z = \n",
      "[[ 40.18877822]\n",
      " [ 15.09259071]]\n",
      "U =\n",
      "[[-0.30342147]\n",
      " [ 0.30932425]]\n",
      "x_ouput = \n",
      "[[ 40.25014698]\n",
      " [ 15.03003337]\n",
      " [ 10.6749991 ]\n",
      " [  4.16725287]]\n",
      "P =\n",
      "[[  1.99549015e-01   1.10812654e-04   1.52743796e-01   1.05840291e-03]\n",
      " [  1.10812654e-04   1.99549015e-01   1.05840291e-03   1.52743796e-01]\n",
      " [  1.52743796e-01   1.05840291e-03   3.88386258e-01   1.01091047e-02]\n",
      " [  1.05840291e-03   1.52743796e-01   1.01091047e-02   3.88386258e-01]]\n",
      "--------------------------------------------------\n",
      "measurement =  [49.81624792808648, 20.82497708565478]\n",
      "x = \n",
      "[[ 40.25014698]\n",
      " [ 15.03003337]\n",
      " [ 10.6749991 ]\n",
      " [  4.16725287]]\n",
      "x_predicted = \n",
      "[[ 50.92514608]\n",
      " [ 19.19728624]\n",
      " [ 10.6749991 ]\n",
      " [  4.16725287]]\n",
      "PHt =\n",
      "[[ 1.01842287  0.01233672]\n",
      " [ 0.01233672  1.01842287]\n",
      " [ 0.79113005  0.01116751]\n",
      " [ 0.01116751  0.79113005]]\n",
      "S = \n",
      "[[ 1.26842287  0.01233672]\n",
      " [ 0.01233672  1.26842287]]\n",
      "S_i = \n",
      "[[ 0.7884552  -0.00766854]\n",
      " [-0.00766854  0.7884552 ]]\n",
      "K = \n",
      "[[ 0.8028862   0.00191714]\n",
      " [ 0.00191714  0.8028862 ]\n",
      " [ 0.62368497  0.00273827]\n",
      " [ 0.00273827  0.62368497]]\n",
      "z = \n",
      "[[ 49.81624793]\n",
      " [ 20.82497709]]\n",
      "U =\n",
      "[[-1.10889816]\n",
      " [ 1.62769085]]\n",
      "x_ouput = \n",
      "[[ 50.03794756]\n",
      " [ 20.50201085]\n",
      " [  9.98785305]\n",
      " [  5.17938273]]\n",
      "P =\n",
      "[[ 0.20072155  0.00047928  0.15592124  0.00068457]\n",
      " [ 0.00047928  0.20072155  0.00068457  0.15592124]\n",
      " [ 0.15592124  0.00068457  0.39493976  0.00097777]\n",
      " [ 0.00068457  0.15592124  0.00097777  0.39493976]]\n",
      "--------------------------------------------------\n",
      "measurement =  [60.65752131545972, 25.033460700152133]\n",
      "x = \n",
      "[[ 50.03794756]\n",
      " [ 20.50201085]\n",
      " [  9.98785305]\n",
      " [  5.17938273]]\n",
      "x_predicted = \n",
      "[[ 60.02580061]\n",
      " [ 25.68139357]\n",
      " [  9.98785305]\n",
      " [  5.17938273]]\n",
      "PHt =\n",
      "[[ 1.03250379  0.00282619]\n",
      " [ 0.00282619  1.03250379]\n",
      " [ 0.800861    0.00166234]\n",
      " [ 0.00166234  0.800861  ]]\n",
      "S = \n",
      "[[ 1.28250379  0.00282619]\n",
      " [ 0.00282619  1.28250379]]\n",
      "S_i = \n",
      "[[ 0.77972858 -0.00171825]\n",
      " [-0.00171825  0.77972858]]\n",
      "K = \n",
      "[[  8.05067856e-01   4.29562377e-04]\n",
      " [  4.29562377e-04   8.05067856e-01]\n",
      " [  6.24451351e-01  -7.99048354e-05]\n",
      " [ -7.99048354e-05   6.24451351e-01]]\n",
      "z = \n",
      "[[ 60.65752132]\n",
      " [ 25.0334607 ]]\n",
      "U =\n",
      "[[ 0.63172071]\n",
      " [-0.64793287]]\n",
      "x_ouput = \n",
      "[[ 60.53410032]\n",
      " [ 25.16003501]\n",
      " [ 10.38238367]\n",
      " [  4.77472969]]\n",
      "P =\n",
      "[[  2.01266964e-01   1.07390594e-04   1.56112838e-01  -1.99762088e-05]\n",
      " [  1.07390594e-04   2.01266964e-01  -1.99762088e-05   1.56112838e-01]\n",
      " [  1.56112838e-01  -1.99762088e-05   3.94841157e-01   3.71586472e-06]\n",
      " [ -1.99762088e-05   1.56112838e-01   3.71586472e-06   3.94841157e-01]]\n",
      "--------------------------------------------------\n",
      "measurement =  [69.2732008862956, 29.252067998085078]\n",
      "x = \n",
      "[[ 60.53410032]\n",
      " [ 25.16003501]\n",
      " [ 10.38238367]\n",
      " [  4.77472969]]\n",
      "x_predicted = \n",
      "[[ 70.91648398]\n",
      " [ 29.9347647 ]\n",
      " [ 10.38238367]\n",
      " [  4.77472969]]\n",
      "PHt =\n",
      "[[  1.03333380e+00   7.11540412e-05]\n",
      " [  7.11540412e-05   1.03333380e+00]\n",
      " [  8.00953995e-01  -1.62603441e-05]\n",
      " [ -1.62603441e-05   8.00953995e-01]]\n",
      "S = \n",
      "[[  1.28333380e+00   7.11540412e-05]\n",
      " [  7.11540412e-05   1.28333380e+00]]\n",
      "S_i = \n",
      "[[  7.79220500e-01  -4.32036371e-05]\n",
      " [ -4.32036371e-05   7.79220500e-01]]\n",
      "K = \n",
      "[[  8.05194875e-01   1.08009093e-05]\n",
      " [  1.08009093e-05   8.05194875e-01]\n",
      " [  6.24119773e-01  -4.72745192e-05]\n",
      " [ -4.72745192e-05   6.24119773e-01]]\n",
      "z = \n",
      "[[ 69.27320089]\n",
      " [ 29.252068  ]]\n",
      "U =\n",
      "[[-1.6432831]\n",
      " [-0.6826967]]\n",
      "x_ouput = \n",
      "[[ 69.59331348]\n",
      " [ 29.38504307]\n",
      " [  9.35681047]\n",
      " [  4.34872287]]\n",
      "P =\n",
      "[[  2.01298719e-01   2.70022732e-06   1.56029943e-01  -1.18186298e-05]\n",
      " [  2.70022732e-06   2.01298719e-01  -1.18186298e-05   1.56029943e-01]\n",
      " [  1.56029943e-01  -1.18186298e-05   3.94949931e-01   5.17289820e-05]\n",
      " [ -1.18186298e-05   1.56029943e-01   5.17289820e-05   3.94949931e-01]]\n",
      "--------------------------------------------------\n",
      "measurement =  [80.75309896493296, 34.73141127461506]\n",
      "x = \n",
      "[[ 69.59331348]\n",
      " [ 29.38504307]\n",
      " [  9.35681047]\n",
      " [  4.34872287]]\n",
      "x_predicted = \n",
      "[[ 78.95012395]\n",
      " [ 33.73376593]\n",
      " [  9.35681047]\n",
      " [  4.34872287]]\n",
      "PHt =\n",
      "[[  1.03330854e+00   3.07919497e-05]\n",
      " [  3.07919497e-05   1.03330854e+00]\n",
      " [  8.00979874e-01   3.99103522e-05]\n",
      " [  3.99103522e-05   8.00979874e-01]]\n",
      "S = \n",
      "[[  1.28330854e+00   3.07919497e-05]\n",
      " [  3.07919497e-05   1.28330854e+00]]\n",
      "S_i = \n",
      "[[  7.79235837e-01  -1.86971333e-05]\n",
      " [ -1.86971333e-05   7.79235837e-01]]\n",
      "K = \n",
      "[[  8.05191041e-01   4.67428331e-06]\n",
      " [  4.67428331e-06   8.05191041e-01]\n",
      " [  6.24152221e-01   1.61235492e-05]\n",
      " [  1.61235492e-05   6.24152221e-01]]\n",
      "z = \n",
      "[[ 80.75309896]\n",
      " [ 34.73141127]]\n",
      "U =\n",
      "[[ 1.80297501]\n",
      " [ 0.99764534]]\n",
      "x_ouput = \n",
      "[[ 80.40186794]\n",
      " [ 34.53706945]\n",
      " [ 10.48215741]\n",
      " [  4.97143449]]\n",
      "P =\n",
      "[[  2.01297760e-01   1.16857083e-06   1.56038055e-01   4.03088731e-06]\n",
      " [  1.16857083e-06   2.01297760e-01   4.03088731e-06   1.56038055e-01]\n",
      " [  1.56038055e-01   4.03088731e-06   3.95016562e-01   1.39042086e-05]\n",
      " [  4.03088731e-06   1.56038055e-01   1.39042086e-05   3.95016562e-01]]\n",
      "--------------------------------------------------\n",
      "measurement =  [89.59130894310631, 39.56069181975851]\n",
      "x = \n",
      "[[ 80.40186794]\n",
      " [ 34.53706945]\n",
      " [ 10.48215741]\n",
      " [  4.97143449]]\n",
      "x_predicted = \n",
      "[[ 90.88402536]\n",
      " [ 39.50850394]\n",
      " [ 10.48215741]\n",
      " [  4.97143449]]\n",
      "PHt =\n",
      "[[  1.03339043e+00   2.31345540e-05]\n",
      " [  2.31345540e-05   1.03339043e+00]\n",
      " [  8.01054618e-01   1.79350959e-05]\n",
      " [  1.79350959e-05   8.01054618e-01]]\n",
      "S = \n",
      "[[  1.28339043e+00   2.31345540e-05]\n",
      " [  2.31345540e-05   1.28339043e+00]]\n",
      "S_i = \n",
      "[[  7.79186111e-01  -1.40457048e-05]\n",
      " [ -1.40457048e-05   7.79186111e-01]]\n",
      "K = \n",
      "[[  8.05203472e-01   3.51142620e-06]\n",
      " [  3.51142620e-06   8.05203472e-01]\n",
      " [  6.24170632e-01   2.72340091e-06]\n",
      " [  2.72340091e-06   6.24170632e-01]]\n",
      "z = \n",
      "[[ 89.59130894]\n",
      " [ 39.56069182]]\n",
      "U =\n",
      "[[-1.29271641]\n",
      " [ 0.05218788]]\n",
      "x_ouput = \n",
      "[[ 89.84312579]\n",
      " [ 39.55052126]\n",
      " [  9.67528194]\n",
      " [  5.00400511]]\n",
      "P =\n",
      "[[  2.01300868e-01   8.77856550e-07   1.56042658e-01   6.80850229e-07]\n",
      " [  8.77856550e-07   2.01300868e-01   6.80850229e-07   1.56042658e-01]\n",
      " [  1.56042658e-01   6.80850229e-07   3.95021795e-01   5.28055562e-07]\n",
      " [  6.80850229e-07   1.56042658e-01   5.28055562e-07   3.95021795e-01]]\n",
      "--------------------------------------------------\n",
      "measurement =  [100.42373232444052, 45.31461126030934]\n",
      "x = \n",
      "[[ 89.84312579]\n",
      " [ 39.55052126]\n",
      " [  9.67528194]\n",
      " [  5.00400511]]\n",
      "x_predicted = \n",
      "[[ 99.51840773]\n",
      " [ 44.55452638]\n",
      " [  9.67528194]\n",
      " [  5.00400511]]\n",
      "PHt =\n",
      "[[  1.03340798e+00   2.76761257e-06]\n",
      " [  2.76761257e-06   1.03340798e+00]\n",
      " [  8.01064453e-01   1.20890579e-06]\n",
      " [  1.20890579e-06   8.01064453e-01]]\n",
      "S = \n",
      "[[  1.28340798e+00   2.76761257e-06]\n",
      " [  2.76761257e-06   1.28340798e+00]]\n",
      "S_i = \n",
      "[[  7.79175458e-01  -1.68025743e-06]\n",
      " [ -1.68025743e-06   7.79175458e-01]]\n",
      "K = \n",
      "[[  8.05206136e-01   4.20064357e-07]\n",
      " [  4.20064357e-07   8.05206136e-01]\n",
      " [  6.24169762e-01  -4.04044775e-07]\n",
      " [ -4.04044775e-07   6.24169762e-01]]\n",
      "z = \n",
      "[[ 100.42373232]\n",
      " [  45.31461126]]\n",
      "U =\n",
      "[[ 0.90532459]\n",
      " [ 0.76008488]]\n",
      "x_ouput = \n",
      "[[ 100.24738097]\n",
      " [  45.16655177]\n",
      " [  10.24035787]\n",
      " [   5.47842675]]\n",
      "P =\n",
      "[[  2.01301534e-01   1.05016089e-07   1.56042441e-01  -1.01011194e-07]\n",
      " [  1.05016089e-07   2.01301534e-01  -1.01011194e-07   1.56042441e-01]\n",
      " [  1.56042441e-01  -1.01011194e-07   3.95021586e-01   9.71590292e-08]\n",
      " [ -1.01011194e-07   1.56042441e-01   9.71590292e-08   3.95021586e-01]]\n",
      "--------------------------------------------------\n",
      "measurement =  [110.45383719593971, 49.57173098900401]\n",
      "x = \n",
      "[[ 100.24738097]\n",
      " [  45.16655177]\n",
      " [  10.24035787]\n",
      " [   5.47842675]]\n",
      "x_predicted = \n",
      "[[ 110.48773883]\n",
      " [  50.64497852]\n",
      " [  10.24035787]\n",
      " [   5.47842675]]\n",
      "PHt =\n",
      "[[  1.03340800e+00   1.52730761e-10]\n",
      " [  1.52730761e-10   1.03340800e+00]\n",
      " [  8.01064027e-01  -3.85216464e-09]\n",
      " [ -3.85216464e-09   8.01064027e-01]]\n",
      "S = \n",
      "[[  1.28340800e+00   1.52730761e-10]\n",
      " [  1.52730761e-10   1.28340800e+00]]\n",
      "S_i = \n",
      "[[  7.79175445e-01  -9.27250401e-11]\n",
      " [ -9.27250401e-11   7.79175445e-01]]\n",
      "K = \n",
      "[[  8.05206139e-01   2.31812600e-11]\n",
      " [  2.31812600e-11   8.05206139e-01]\n",
      " [  6.24169419e-01  -3.07579079e-09]\n",
      " [ -3.07579079e-09   6.24169419e-01]]\n",
      "z = \n",
      "[[ 110.4538372 ]\n",
      " [  49.57173099]]\n",
      "U =\n",
      "[[-0.03390164]\n",
      " [-1.07324753]]\n",
      "x_ouput = \n",
      "[[ 110.46044103]\n",
      " [  49.78079302]\n",
      " [  10.2191975 ]\n",
      " [   4.80853846]]\n",
      "P =\n",
      "[[  2.01301535e-01   5.79531501e-12   1.56042355e-01  -7.68947697e-10]\n",
      " [  5.79531501e-12   2.01301535e-01  -7.68947697e-10   1.56042355e-01]\n",
      " [  1.56042355e-01  -7.68947698e-10   3.95021918e-01   1.02027338e-07]\n",
      " [ -7.68947698e-10   1.56042355e-01   1.02027338e-07   3.95021918e-01]]\n",
      "--------------------------------------------------\n",
      "measurement =  [118.91557831680807, 56.304006449020314]\n",
      "x = \n",
      "[[ 110.46044103]\n",
      " [  49.78079302]\n",
      " [  10.2191975 ]\n",
      " [   4.80853846]]\n",
      "x_predicted = \n",
      "[[ 120.67963853]\n",
      " [  54.58933148]\n",
      " [  10.2191975 ]\n",
      " [   4.80853846]]\n",
      "PHt =\n",
      "[[  1.03340816e+00   1.00495238e-07]\n",
      " [  1.00495238e-07   1.03340816e+00]\n",
      " [  8.01064273e-01   1.01258390e-07]\n",
      " [  1.01258390e-07   8.01064273e-01]]\n",
      "S = \n",
      "[[  1.28340816e+00   1.00495238e-07]\n",
      " [  1.00495238e-07   1.28340816e+00]]\n",
      "S_i = \n",
      "[[  7.79175347e-01  -6.10120881e-08]\n",
      " [ -6.10120881e-08   7.79175347e-01]]\n",
      "K = \n",
      "[[  8.05206163e-01   1.52530220e-08]\n",
      " [  1.52530220e-08   8.05206163e-01]\n",
      " [  6.24169533e-01   3.00234374e-08]\n",
      " [  3.00234374e-08   6.24169533e-01]]\n",
      "z = \n",
      "[[ 118.91557832]\n",
      " [  56.30400645]]\n",
      "U =\n",
      "[[-1.76406021]\n",
      " [ 1.71467497]]\n",
      "x_ouput = \n",
      "[[ 119.2592064 ]\n",
      " [  55.96999831]\n",
      " [   9.11812492]\n",
      " [   5.87878628]]\n",
      "P =\n",
      "[[  2.01301541e-01   3.81325551e-09   1.56042383e-01   7.50585935e-09]\n",
      " [  3.81325551e-09   2.01301541e-01   7.50585935e-09   1.56042383e-01]\n",
      " [  1.56042383e-01   7.50585935e-09   3.95022005e-01   1.47742328e-08]\n",
      " [  7.50585935e-09   1.56042383e-01   1.47742328e-08   3.95022005e-01]]\n",
      "--------------------------------------------------\n",
      "measurement =  [129.14491312006672, 59.7603774726109]\n",
      "x = \n",
      "[[ 119.2592064 ]\n",
      " [  55.96999831]\n",
      " [   9.11812492]\n",
      " [   5.87878628]]\n",
      "x_predicted = \n",
      "[[ 128.37733132]\n",
      " [  61.84878459]\n",
      " [   9.11812492]\n",
      " [   5.87878628]]\n",
      "PHt =\n",
      "[[  1.03340831e+00   3.35992070e-08]\n",
      " [  3.35992070e-08   1.03340831e+00]\n",
      " [  8.01064388e-01   2.22800921e-08]\n",
      " [  2.22800921e-08   8.01064388e-01]]\n",
      "S = \n",
      "[[  1.28340831e+00   3.35992070e-08]\n",
      " [  3.35992070e-08   1.28340831e+00]]\n",
      "S_i = \n",
      "[[  7.79175256e-01  -2.03985516e-08]\n",
      " [ -2.03985516e-08   7.79175256e-01]]\n",
      "K = \n",
      "[[  8.05206186e-01   5.09963791e-09]\n",
      " [  5.09963791e-09   8.05206186e-01]\n",
      " [  6.24169550e-01   1.01954322e-09]\n",
      " [  1.01954322e-09   6.24169550e-01]]\n",
      "z = \n",
      "[[ 129.14491312]\n",
      " [  59.76037747]]\n",
      "U =\n",
      "[[ 0.7675818 ]\n",
      " [-2.08840712]]\n",
      "x_ouput = \n",
      "[[ 128.99539292]\n",
      " [  60.16718626]\n",
      " [   9.5972261 ]\n",
      " [   4.57526615]]\n",
      "P =\n",
      "[[  2.01301547e-01   1.27490948e-09   1.56042387e-01   2.54885805e-10]\n",
      " [  1.27490948e-09   2.01301547e-01   2.54885805e-10   1.56042387e-01]\n",
      " [  1.56042387e-01   2.54885805e-10   3.95022007e-01   5.09579503e-11]\n",
      " [  2.54885805e-10   1.56042387e-01   5.09579503e-11   3.95022007e-01]]\n",
      "--------------------------------------------------\n",
      "measurement =  [139.58349759046766, 64.69762325536485]\n",
      "x = \n",
      "[[ 128.99539292]\n",
      " [  60.16718626]\n",
      " [   9.5972261 ]\n",
      " [   4.57526615]]\n",
      "x_predicted = \n",
      "[[ 138.59261903]\n",
      " [  64.74245242]\n",
      " [   9.5972261 ]\n",
      " [   4.57526615]]\n",
      "PHt =\n",
      "[[  1.03340833e+00   1.83563904e-09]\n",
      " [  1.83563904e-09   1.03340833e+00]\n",
      " [  8.01064394e-01   3.05843755e-10]\n",
      " [  3.05843755e-10   8.01064394e-01]]\n",
      "S = \n",
      "[[  1.28340833e+00   1.83563904e-09]\n",
      " [  1.83563904e-09   1.28340833e+00]]\n",
      "S_i = \n",
      "[[  7.79175246e-01  -1.11444228e-09]\n",
      " [ -1.11444228e-09   7.79175246e-01]]\n",
      "K = \n",
      "[[  8.05206188e-01   2.78610569e-10]\n",
      " [  2.78610569e-10   8.05206188e-01]\n",
      " [  6.24169547e-01  -6.54434143e-10]\n",
      " [ -6.54434143e-10   6.24169547e-01]]\n",
      "z = \n",
      "[[ 139.58349759]\n",
      " [  64.69762326]]\n",
      "U =\n",
      "[[ 0.99087857]\n",
      " [-0.04482916]]\n",
      "x_ouput = \n",
      "[[ 139.39048058]\n",
      " [  64.7063557 ]\n",
      " [  10.21570233]\n",
      " [   4.54728516]]\n",
      "P =\n",
      "[[  2.01301547e-01   6.96526423e-11   1.56042387e-01  -1.63608536e-10]\n",
      " [  6.96526423e-11   2.01301547e-01  -1.63608536e-10   1.56042387e-01]\n",
      " [  1.56042387e-01  -1.63608536e-10   3.95022007e-01   3.84303483e-10]\n",
      " [ -1.63608536e-10   1.56042387e-01   3.84303483e-10   3.95022007e-01]]\n",
      "--------------------------------------------------\n",
      "measurement =  [149.59327557114887, 70.43551797563421]\n",
      "x = \n",
      "[[ 139.39048058]\n",
      " [  64.7063557 ]\n",
      " [  10.21570233]\n",
      " [   4.54728516]]\n",
      "x_predicted = \n",
      "[[ 149.60618291]\n",
      " [  69.25364085]\n",
      " [  10.21570233]\n",
      " [   4.54728516]]\n",
      "PHt =\n",
      "[[  1.03340833e+00   1.26739053e-10]\n",
      " [  1.26739053e-10   1.03340833e+00]\n",
      " [  8.01064394e-01   2.20694947e-10]\n",
      " [  2.20694947e-10   8.01064394e-01]]\n",
      "S = \n",
      "[[  1.28340833e+00   1.26739053e-10]\n",
      " [  1.26739053e-10   1.28340833e+00]]\n",
      "S_i = \n",
      "[[  7.79175247e-01  -7.69450618e-11]\n",
      " [ -7.69450618e-11   7.79175247e-01]]\n",
      "K = \n",
      "[[  8.05206188e-01   1.92362655e-11]\n",
      " [  1.92362655e-11   8.05206188e-01]\n",
      " [  6.24169546e-01   1.10322090e-10]\n",
      " [  1.10322090e-10   6.24169546e-01]]\n",
      "z = \n",
      "[[ 149.59327557]\n",
      " [  70.43551798]]\n",
      "U =\n",
      "[[-0.01290733]\n",
      " [ 1.18187712]]\n",
      "x_ouput = \n",
      "[[ 149.59578984]\n",
      " [  70.20529563]\n",
      " [  10.20764596]\n",
      " [   5.28497686]]\n",
      "P =\n",
      "[[  2.01301547e-01   4.80906636e-12   1.56042387e-01   2.75805226e-11]\n",
      " [  4.80906636e-12   2.01301547e-01   2.75805226e-11   1.56042387e-01]\n",
      " [  1.56042387e-01   2.75805226e-11   3.95022008e-01   1.58177319e-10]\n",
      " [  2.75805226e-11   1.56042387e-01   1.58177319e-10   3.95022008e-01]]\n",
      "--------------------------------------------------\n",
      "measurement =  [160.0186589236445, 75.17674940417972]\n",
      "x = \n",
      "[[ 149.59578984]\n",
      " [  70.20529563]\n",
      " [  10.20764596]\n",
      " [   5.28497686]]\n",
      "x_predicted = \n",
      "[[ 159.8034358 ]\n",
      " [  75.49027249]\n",
      " [  10.20764596]\n",
      " [   5.28497686]]\n",
      "PHt =\n",
      "[[  1.03340833e+00   2.18147431e-10]\n",
      " [  2.18147431e-10   1.03340833e+00]\n",
      " [  8.01064394e-01   1.85757842e-10]\n",
      " [  1.85757842e-10   8.01064394e-01]]\n",
      "S = \n",
      "[[  1.28340833e+00   2.18147431e-10]\n",
      " [  2.18147431e-10   1.28340833e+00]]\n",
      "S_i = \n",
      "[[  7.79175246e-01  -1.32440373e-10]\n",
      " [ -1.32440373e-10   7.79175246e-01]]\n",
      "K = \n",
      "[[  8.05206188e-01   3.31100934e-11]\n",
      " [  3.31100934e-11   8.05206188e-01]\n",
      " [  6.24169547e-01   3.86446447e-11]\n",
      " [  3.86446447e-11   6.24169547e-01]]\n",
      "z = \n",
      "[[ 160.01865892]\n",
      " [  75.1767494 ]]\n",
      "U =\n",
      "[[ 0.21522312]\n",
      " [-0.31352308]]\n",
      "x_ouput = \n",
      "[[ 159.97673479]\n",
      " [  75.23782176]\n",
      " [  10.34198168]\n",
      " [   5.0892853 ]]\n",
      "P =\n",
      "[[  2.01301547e-01   8.27752334e-12   1.56042387e-01   9.66116119e-12]\n",
      " [  8.27752334e-12   2.01301547e-01   9.66116119e-12   1.56042387e-01]\n",
      " [  1.56042387e-01   9.66116119e-12   3.95022008e-01   1.12760824e-11]\n",
      " [  9.66116119e-12   1.56042387e-01   1.12760824e-11   3.95022008e-01]]\n",
      "--------------------------------------------------\n",
      "measurement =  [170.3272555843513, 78.68057726506797]\n",
      "x = \n",
      "[[ 159.97673479]\n",
      " [  75.23782176]\n",
      " [  10.34198168]\n",
      " [   5.0892853 ]]\n",
      "x_predicted = \n",
      "[[ 170.31871647]\n",
      " [  80.32710706]\n",
      " [  10.34198168]\n",
      " [   5.0892853 ]]\n",
      "PHt =\n",
      "[[  1.03340833e+00   3.88759281e-11]\n",
      " [  3.88759281e-11   1.03340833e+00]\n",
      " [  8.01064395e-01   2.09372436e-11]\n",
      " [  2.09372436e-11   8.01064395e-01]]\n",
      "S = \n",
      "[[  1.28340833e+00   3.88759281e-11]\n",
      " [  3.88759281e-11   1.28340833e+00]]\n",
      "S_i = \n",
      "[[  7.79175246e-01  -2.36021227e-11]\n",
      " [ -2.36021227e-11   7.79175246e-01]]\n",
      "K = \n",
      "[[  8.05206188e-01   5.90053068e-12]\n",
      " [  5.90053068e-12   8.05206188e-01]\n",
      " [  6.24169547e-01  -2.59303821e-12]\n",
      " [ -2.59303821e-12   6.24169547e-01]]\n",
      "z = \n",
      "[[ 170.32725558]\n",
      " [  78.68057727]]\n",
      "U =\n",
      "[[ 0.00853911]\n",
      " [-1.6465298 ]]\n",
      "x_ouput = \n",
      "[[ 170.32559222]\n",
      " [  79.00131108]\n",
      " [  10.34731153]\n",
      " [   4.06157154]]\n",
      "P =\n",
      "[[  2.01301547e-01   1.47513267e-12   1.56042387e-01  -6.48259551e-13]\n",
      " [  1.47513267e-12   2.01301547e-01  -6.48259551e-13   1.56042387e-01]\n",
      " [  1.56042387e-01  -6.48259551e-13   3.95022008e-01   2.84883153e-13]\n",
      " [ -6.48259551e-13   1.56042387e-01   2.84883153e-13   3.95022008e-01]]\n",
      "--------------------------------------------------\n",
      "measurement =  [179.8004235845653, 85.96119247556543]\n",
      "x = \n",
      "[[ 170.32559222]\n",
      " [  79.00131108]\n",
      " [  10.34731153]\n",
      " [   4.06157154]]\n",
      "x_predicted = \n",
      "[[ 180.67290375]\n",
      " [  83.06288262]\n",
      " [  10.34731153]\n",
      " [   4.06157154]]\n",
      "PHt =\n",
      "[[  1.03340833e+00   4.63496721e-13]\n",
      " [  4.63496721e-13   1.03340833e+00]\n",
      " [  8.01064395e-01  -3.63376399e-13]\n",
      " [ -3.63376399e-13   8.01064395e-01]]\n",
      "S = \n",
      "[[  1.28340833e+00   4.63496721e-13]\n",
      " [  4.63496721e-13   1.28340833e+00]]\n",
      "S_i = \n",
      "[[  7.79175246e-01  -2.81395378e-13]\n",
      " [ -2.81395378e-13   7.79175246e-01]]\n",
      "K = \n",
      "[[  8.05206188e-01   7.03488444e-14]\n",
      " [  7.03488444e-14   8.05206188e-01]\n",
      " [  6.24169547e-01  -5.08549713e-13]\n",
      " [ -5.08549713e-13   6.24169547e-01]]\n",
      "z = \n",
      "[[ 179.80042358]\n",
      " [  85.96119248]]\n",
      "U =\n",
      "[[-0.87248017]\n",
      " [ 2.89830985]]\n",
      "x_ouput = \n",
      "[[ 179.97037732]\n",
      " [  85.39661965]\n",
      " [   9.80273598]\n",
      " [   5.87060829]]\n",
      "P =\n",
      "[[  2.01301547e-01   1.75872111e-14   1.56042387e-01  -1.27137428e-13]\n",
      " [  1.75872111e-14   2.01301547e-01  -1.27137428e-13   1.56042387e-01]\n",
      " [  1.56042387e-01  -1.27137428e-13   3.95022008e-01   9.19072702e-13]\n",
      " [ -1.27137428e-13   1.56042387e-01   9.19072702e-13   3.95022008e-01]]\n",
      "--------------------------------------------------\n",
      "measurement =  [189.72652141071242, 90.23210663789911]\n",
      "x = \n",
      "[[ 179.97037732]\n",
      " [  85.39661965]\n",
      " [   9.80273598]\n",
      " [   5.87060829]]\n",
      "x_predicted = \n",
      "[[ 189.77311331]\n",
      " [  91.26722794]\n",
      " [   9.80273598]\n",
      " [   5.87060829]]\n",
      "PHt =\n",
      "[[  1.03340833e+00   6.82385057e-13]\n",
      " [  6.82385057e-13   1.03340833e+00]\n",
      " [  8.01064395e-01   7.91935274e-13]\n",
      " [  7.91935274e-13   8.01064395e-01]]\n",
      "S = \n",
      "[[  1.28340833e+00   6.82385057e-13]\n",
      " [  6.82385057e-13   1.28340833e+00]]\n",
      "S_i = \n",
      "[[  7.79175246e-01  -4.14285565e-13]\n",
      " [ -4.14285565e-13   7.79175246e-01]]\n",
      "K = \n",
      "[[  8.05206188e-01   1.03571391e-13]\n",
      " [  1.03571391e-13   8.05206188e-01]\n",
      " [  6.24169547e-01   2.85186947e-13]\n",
      " [  2.85186947e-13   6.24169547e-01]]\n",
      "z = \n",
      "[[ 189.72652141]\n",
      " [  90.23210664]]\n",
      "U =\n",
      "[[-0.04659189]\n",
      " [-1.03512131]]\n",
      "x_ouput = \n",
      "[[ 189.73559722]\n",
      " [  90.43374186]\n",
      " [   9.77365474]\n",
      " [   5.22451709]]\n",
      "P =\n",
      "[[  2.01301547e-01   2.58928478e-14   1.56042387e-01   7.12967367e-14]\n",
      " [  2.58928478e-14   2.01301547e-01   7.12967367e-14   1.56042387e-01]\n",
      " [  1.56042387e-01   7.12967367e-14   3.95022008e-01   1.96317713e-13]\n",
      " [  7.12967367e-14   1.56042387e-01   1.96317713e-13   3.95022008e-01]]\n",
      "--------------------------------------------------\n",
      "measurement =  [200.42013016541813, 94.90257562115174]\n",
      "x = \n",
      "[[ 189.73559722]\n",
      " [  90.43374186]\n",
      " [   9.77365474]\n",
      " [   5.22451709]]\n",
      "x_predicted = \n",
      "[[ 199.50925197]\n",
      " [  95.65825896]\n",
      " [   9.77365474]\n",
      " [   5.22451709]]\n",
      "PHt =\n",
      "[[  1.03340833e+00   3.64804034e-13]\n",
      " [  3.64804034e-13   1.03340833e+00]\n",
      " [  8.01064395e-01   2.67614449e-13]\n",
      " [  2.67614449e-13   8.01064395e-01]]\n",
      "S = \n",
      "[[  1.28340833e+00   3.64804034e-13]\n",
      " [  3.64804034e-13   1.28340833e+00]]\n",
      "S_i = \n",
      "[[  7.79175246e-01  -2.21477659e-13]\n",
      " [ -2.21477659e-13   7.79175246e-01]]\n",
      "K = \n",
      "[[  8.05206188e-01   5.53694149e-14]\n",
      " [  5.53694149e-14   8.05206188e-01]\n",
      " [  6.24169547e-01   3.11006871e-14]\n",
      " [  3.11006871e-14   6.24169547e-01]]\n",
      "z = \n",
      "[[ 200.42013017]\n",
      " [  94.90257562]]\n",
      "U =\n",
      "[[ 0.9108782 ]\n",
      " [-0.75568334]]\n",
      "x_ouput = \n",
      "[[ 200.24269673]\n",
      " [  95.04977806]\n",
      " [  10.34219718]\n",
      " [   4.75284257]]\n",
      "P =\n",
      "[[  2.01301547e-01   1.38423537e-14   1.56042387e-01   7.77517178e-15]\n",
      " [  1.38423537e-14   2.01301547e-01   7.77517178e-15   1.56042387e-01]\n",
      " [  1.56042387e-01   7.77517178e-15   3.95022008e-01   4.36727000e-15]\n",
      " [  7.77517178e-15   1.56042387e-01   4.36727000e-15   3.95022008e-01]]\n",
      "--------------------------------------------------\n",
      "measurement =  [209.74116615876088, 99.8742921957327]\n",
      "x = \n",
      "[[ 200.24269673]\n",
      " [  95.04977806]\n",
      " [  10.34219718]\n",
      " [   4.75284257]]\n",
      "x_predicted = \n",
      "[[ 210.5848939 ]\n",
      " [  99.80262063]\n",
      " [  10.34219718]\n",
      " [   4.75284257]]\n",
      "PHt =\n",
      "[[  1.03340833e+00   3.37599673e-14]\n",
      " [  3.37599673e-14   1.03340833e+00]\n",
      " [  8.01064395e-01   1.21424418e-14]\n",
      " [  1.21424418e-14   8.01064395e-01]]\n",
      "S = \n",
      "[[  1.28340833e+00   3.37599673e-14]\n",
      " [  3.37599673e-14   1.28340833e+00]]\n",
      "S_i = \n",
      "[[  7.79175246e-01  -2.04961509e-14]\n",
      " [ -2.04961509e-14   7.79175246e-01]]\n",
      "K = \n",
      "[[  8.05206188e-01   5.12403773e-15]\n",
      " [  5.12403773e-15   8.05206188e-01]\n",
      " [  6.24169547e-01  -6.95764668e-15]\n",
      " [ -6.95764668e-15   6.24169547e-01]]\n",
      "z = \n",
      "[[ 209.74116616]\n",
      " [  99.8742922 ]]\n",
      "U =\n",
      "[[-0.84372775]\n",
      " [ 0.07167157]]\n",
      "x_ouput = \n",
      "[[ 209.9055191 ]\n",
      " [  99.86033102]\n",
      " [   9.81556801]\n",
      " [   4.79757778]]\n",
      "P =\n",
      "[[  2.01301547e-01   1.28100943e-15   1.56042387e-01  -1.73941167e-15]\n",
      " [  1.28100943e-15   2.01301547e-01  -1.73941167e-15   1.56042387e-01]\n",
      " [  1.56042387e-01  -1.73941167e-15   3.95022008e-01   2.36185064e-15]\n",
      " [ -1.73941167e-15   1.56042387e-01   2.36185064e-15   3.95022008e-01]]\n",
      "--------------------------------------------------\n",
      "measurement =  [219.0648168330241, 105.53328307704582]\n",
      "x = \n",
      "[[ 209.9055191 ]\n",
      " [  99.86033102]\n",
      " [   9.81556801]\n",
      " [   4.79757778]]\n",
      "x_predicted = \n",
      "[[ 219.72108711]\n",
      " [ 104.6579088 ]\n",
      " [   9.81556801]\n",
      " [   4.79757778]]\n",
      "PHt =\n",
      "[[  1.03340833e+00   1.64036739e-16]\n",
      " [  1.64036739e-16   1.03340833e+00]\n",
      " [  8.01064395e-01   6.22438974e-16]\n",
      " [  6.22438974e-16   8.01064395e-01]]\n",
      "S = \n",
      "[[  1.28340833e+00   1.64036739e-16]\n",
      " [  1.64036739e-16   1.28340833e+00]]\n",
      "S_i = \n",
      "[[  7.79175246e-01  -9.95890110e-17]\n",
      " [ -9.95890110e-17   7.79175246e-01]]\n",
      "K = \n",
      "[[  8.05206188e-01   2.48972528e-17]\n",
      " [  2.48972528e-17   8.05206188e-01]\n",
      " [  6.24169547e-01   4.05211830e-16]\n",
      " [  4.05211830e-16   6.24169547e-01]]\n",
      "z = \n",
      "[[ 219.06481683]\n",
      " [ 105.53328308]]\n",
      "U =\n",
      "[[-0.65627028]\n",
      " [ 0.87537428]]\n",
      "x_ouput = \n",
      "[[ 219.19265422]\n",
      " [ 105.36276558]\n",
      " [   9.40594409]\n",
      " [   5.34395975]]\n",
      "P =\n",
      "[[  2.01301547e-01   6.22431319e-18   1.56042387e-01   1.01302958e-16]\n",
      " [  6.22431319e-18   2.01301547e-01   1.01302958e-16   1.56042387e-01]\n",
      " [  1.56042387e-01   1.01302958e-16   3.95022008e-01   1.64874242e-15]\n",
      " [  1.01302958e-16   1.56042387e-01   1.64874242e-15   3.95022008e-01]]\n",
      "--------------------------------------------------\n",
      "measurement =  [229.53943420144424, 109.67519965295818]\n",
      "x = \n",
      "[[ 219.19265422]\n",
      " [ 105.36276558]\n",
      " [   9.40594409]\n",
      " [   5.34395975]]\n",
      "x_predicted = \n",
      "[[ 228.59859831]\n",
      " [ 110.70672533]\n",
      " [   9.40594409]\n",
      " [   5.34395975]]\n",
      "PHt =\n",
      "[[  1.03340833e+00   1.85757265e-15]\n",
      " [  1.85757265e-15   1.03340833e+00]\n",
      " [  8.01064395e-01   1.75004538e-15]\n",
      " [  1.75004538e-15   8.01064395e-01]]\n",
      "S = \n",
      "[[  1.28340833e+00   1.85757265e-15]\n",
      " [  1.85757265e-15   1.28340833e+00]]\n",
      "S_i = \n",
      "[[  7.79175246e-01  -1.12775848e-15]\n",
      " [ -1.12775848e-15   7.79175246e-01]]\n",
      "K = \n",
      "[[  8.05206188e-01   2.81939620e-16]\n",
      " [  2.81939620e-16   8.05206188e-01]\n",
      " [  6.24169547e-01   4.60184874e-16]\n",
      " [  4.60184874e-16   6.24169547e-01]]\n",
      "z = \n",
      "[[ 229.5394342 ]\n",
      " [ 109.67519965]]\n",
      "U =\n",
      "[[ 0.94083589]\n",
      " [-1.03152568]]\n",
      "x_ouput = \n",
      "[[ 229.35616519]\n",
      " [ 109.87613447]\n",
      " [   9.9931852 ]\n",
      " [   4.70011283]]\n",
      "P =\n",
      "[[  2.01301547e-01   7.04849051e-17   1.56042387e-01   1.15046219e-16]\n",
      " [  7.04849051e-17   2.01301547e-01   1.15046219e-16   1.56042387e-01]\n",
      " [  1.56042387e-01   1.15046219e-16   3.95022008e-01   1.87779673e-16]\n",
      " [  1.15046219e-16   1.56042387e-01   1.87779673e-16   3.95022008e-01]]\n",
      "--------------------------------------------------\n",
